"infile" "demog" "xtx.ep" "bf.ep" "rho.ep" "lfmm.ep" "Hcd.ep" "pcs.ep" "Md.default.ep" "Hd.default.ep" "Kd.default.ep" "Nd.default.ep" "Md.mcd.ep" "Hd.mcd.ep" "Kd.mcd.ep" "Nd.mcd.ep"
"1" "~/Google Drive/MultiOutlierVisualization/practiceData/KatieSims/1R_R30_1351142954_453_1_NumPops=30_NumInd=20Bayenv2LFMMpca.Cpval" "1R" 0.610526315789474 0.810526315789474 0.0315789473684211 0.757894736842105 0.873684210526316 0.810526315789474 0.673684210526316 0.684210526315789 0.336842105263158 0.336842105263158 0.810526315789474 0.810526315789474 0.389473684210526 0.357894736842105
"2" "~/Google Drive/MultiOutlierVisualization/practiceData/KatieSims/1R_R30_1351142954_453_1_NumPops=30_NumInd=60Bayenv2LFMMpca.Cpval" "1R" 0.752577319587629 0.762886597938144 0.0309278350515464 0.77319587628866 0.670103092783505 0.762886597938144 0.649484536082474 0.65979381443299 0.443298969072165 0.443298969072165 0.762886597938144 0.762886597938144 0.639175257731959 0.34020618556701
"3" "~/Google Drive/MultiOutlierVisualization/practiceData/KatieSims/1R_R30_1351142970_988_5_NumPops=30_NumInd=20Bayenv2LFMMpca.Cpval" "1R" 0.478723404255319 0.329787234042553 0.117021276595745 0.51063829787234 0.734042553191489 0.382978723404255 0.351063829787234 0.351063829787234 0.202127659574468 0.202127659574468 0.382978723404255 0.382978723404255 0.202127659574468 0.223404255319149
"4" "~/Google Drive/MultiOutlierVisualization/practiceData/KatieSims/1R_R30_1351142970_988_5_NumPops=30_NumInd=60Bayenv2LFMMpca.Cpval" "1R" 0.639175257731959 0.587628865979381 0.22680412371134 0.690721649484536 0.639175257731959 0.587628865979381 0.556701030927835 0.556701030927835 0.34020618556701 0.34020618556701 0.587628865979381 0.587628865979381 0.391752577319588 0.402061855670103
"5" "~/Google Drive/MultiOutlierVisualization/practiceData/KatieSims/1R_R30_1351142986_950_9_NumPops=30_NumInd=20Bayenv2LFMMpca.Cpval" "1R" 0.533333333333333 0.577777777777778 0.344444444444444 0.366666666666667 0.277777777777778 0.588888888888889 0.511111111111111 0.511111111111111 0.266666666666667 0.266666666666667 0.588888888888889 0.588888888888889 0.311111111111111 0.422222222222222
"6" "~/Google Drive/MultiOutlierVisualization/practiceData/KatieSims/1R_R30_1351142986_950_9_NumPops=30_NumInd=60Bayenv2LFMMpca.Cpval" "1R" 0.642105263157895 0.568421052631579 0.452631578947368 0.663157894736842 0.557894736842105 0.568421052631579 0.652631578947368 0.673684210526316 0.410526315789474 0.410526315789474 0.568421052631579 0.568421052631579 0.515789473684211 0.494736842105263
"7" "~/Google Drive/MultiOutlierVisualization/practiceData/KatieSims/1R_R60_1351142954_453_1_NumPops=60_NumInd=20Bayenv2LFMMpca.Cpval" "1R" 0.612903225806452 0.774193548387097 0.032258064516129 0.817204301075269 0.516129032258065 0.806451612903226 0.752688172043011 0.752688172043011 0.645161290322581 0.645161290322581 0.806451612903226 0.806451612903226 0.67741935483871 0.56989247311828
"8" "~/Google Drive/MultiOutlierVisualization/practiceData/KatieSims/1R_R60_1351142954_453_1_NumPops=60_NumInd=30Bayenv2LFMMpca.Cpval" "1R" 0.709677419354839 0.849462365591398 0.043010752688172 0.78494623655914 0.387096774193548 0.849462365591398 0.720430107526882 0.720430107526882 0.623655913978495 0.612903225806452 0.849462365591398 0.849462365591398 0.817204301075269 0.602150537634409
"9" "~/Google Drive/MultiOutlierVisualization/practiceData/KatieSims/1R_R60_1351142970_988_5_NumPops=60_NumInd=20Bayenv2LFMMpca.Cpval" "1R" 0.6 0.694736842105263 0.252631578947368 0.642105263157895 0.526315789473684 0.715789473684211 0.673684210526316 0.684210526315789 0.484210526315789 0.484210526315789 0.715789473684211 0.715789473684211 0.526315789473684 0.6
"10" "~/Google Drive/MultiOutlierVisualization/practiceData/KatieSims/1R_R60_1351142970_988_5_NumPops=60_NumInd=30Bayenv2LFMMpca.Cpval" "1R" 0.670103092783505 0.721649484536082 0.422680412371134 0.742268041237113 0.463917525773196 0.731958762886598 0.556701030927835 0.556701030927835 0.195876288659794 0.195876288659794 0.731958762886598 0.731958762886598 0.195876288659794 0.443298969072165
"11" "~/Google Drive/MultiOutlierVisualization/practiceData/KatieSims/1R_R60_1351142986_950_9_NumPops=60_NumInd=20Bayenv2LFMMpca.Cpval" "1R" 0.628865979381443 0.649484536082474 0.649484536082474 0.597938144329897 0.618556701030928 0.670103092783505 0.391752577319588 0.391752577319588 0.0927835051546392 0.0927835051546392 0.670103092783505 0.680412371134021 0.0927835051546392 0.22680412371134
"12" "~/Google Drive/MultiOutlierVisualization/practiceData/KatieSims/1R_R60_1351142986_950_9_NumPops=60_NumInd=30Bayenv2LFMMpca.Cpval" "1R" 0.680412371134021 0.608247422680412 0.680412371134021 0.721649484536082 0.649484536082474 0.618556701030928 0.577319587628866 0.577319587628866 0.216494845360825 0.206185567010309 0.618556701030928 0.618556701030928 0.22680412371134 0.123711340206186
"13" "~/Google Drive/MultiOutlierVisualization/practiceData/KatieSims/1R_R90_1351142954_453_1_NumPops=90_NumInd=20Bayenv2LFMMpca.Cpval" "1R" 0.75 0.770833333333333 0.395833333333333 0.802083333333333 0.75 0.802083333333333 0.677083333333333 0.697916666666667 0.395833333333333 0.395833333333333 0.802083333333333 0.802083333333333 0.53125 0.458333333333333
"14" "~/Google Drive/MultiOutlierVisualization/practiceData/KatieSims/1R_R90_1351142954_453_1_NumPops=90_NumInd=6Bayenv2LFMMpca.Cpval" "1R" 0.634408602150538 0.806451612903226 0.032258064516129 0.67741935483871 0.462365591397849 0.817204301075269 0.688172043010753 0.698924731182796 0.0967741935483871 0.0860215053763441 0.817204301075269 0.817204301075269 0.10752688172043 0.494623655913978
"15" "~/Google Drive/MultiOutlierVisualization/practiceData/KatieSims/1R_R90_1351142970_988_5_NumPops=90_NumInd=20Bayenv2LFMMpca.Cpval" "1R" 0.666666666666667 0.666666666666667 0.302083333333333 0.75 0.666666666666667 0.708333333333333 0.645833333333333 0.666666666666667 0.458333333333333 0.458333333333333 0.708333333333333 0.708333333333333 0.458333333333333 0.135416666666667
"16" "~/Google Drive/MultiOutlierVisualization/practiceData/KatieSims/1R_R90_1351142970_988_5_NumPops=90_NumInd=6Bayenv2LFMMpca.Cpval" "1R" 0.553191489361702 0.574468085106383 0.0319148936170213 0.627659574468085 0.606382978723404 0.585106382978723 0.627659574468085 0.638297872340426 0.5 0.457446808510638 0.585106382978723 0.585106382978723 0.468085106382979 0.531914893617021
"17" "~/Google Drive/MultiOutlierVisualization/practiceData/KatieSims/1R_R90_1351142986_950_9_NumPops=90_NumInd=20Bayenv2LFMMpca.Cpval" "1R" 0.639175257731959 0.618556701030928 0.608247422680412 0.701030927835051 0.670103092783505 0.65979381443299 0.639175257731959 0.639175257731959 0.412371134020619 0.422680412371134 0.65979381443299 0.65979381443299 0.412371134020619 0.443298969072165
"18" "~/Google Drive/MultiOutlierVisualization/practiceData/KatieSims/1R_R90_1351142986_950_9_NumPops=90_NumInd=6Bayenv2LFMMpca.Cpval" "1R" 0.537634408602151 0.56989247311828 0.43010752688172 0.462365591397849 0.741935483870968 0.634408602150538 0.483870967741935 0.483870967741935 0.354838709677419 0.354838709677419 0.634408602150538 0.634408602150538 0.333333333333333 0.279569892473118
"19" "~/Google Drive/MultiOutlierVisualization/practiceData/KatieSims/2R_R30_1351142954_453_2_NumPops=30_NumInd=20Bayenv2LFMMpca.Cpval" "2R" 0.474226804123711 0.948453608247423 0.43298969072165 0.649484536082474 0.948453608247423 0.948453608247423 0.608247422680412 0.608247422680412 0.515463917525773 0.515463917525773 0.948453608247423 0.948453608247423 0.628865979381443 0.628865979381443
"20" "~/Google Drive/MultiOutlierVisualization/practiceData/KatieSims/2R_R30_1351142954_453_2_NumPops=30_NumInd=60Bayenv2LFMMpca.Cpval" "2R" 0.928571428571429 0.908163265306122 0.489795918367347 0.897959183673469 0.806122448979592 0.918367346938776 0.887755102040816 0.897959183673469 0.489795918367347 0.489795918367347 0.928571428571429 0.928571428571429 0.887755102040816 0.714285714285714
"21" "~/Google Drive/MultiOutlierVisualization/practiceData/KatieSims/2R_R30_1351142970_988_6_NumPops=30_NumInd=20Bayenv2LFMMpca.Cpval" "2R" 0.424242424242424 0.535353535353535 0.464646464646465 0.151515151515152 0.606060606060606 0.585858585858586 0.414141414141414 0.414141414141414 0.0909090909090909 0.0909090909090909 0.585858585858586 0.585858585858586 0.0808080808080808 0.0505050505050505
"22" "~/Google Drive/MultiOutlierVisualization/practiceData/KatieSims/2R_R30_1351142970_988_6_NumPops=30_NumInd=60Bayenv2LFMMpca.Cpval" "2R" 0.87 0.48 0.62 0.74 0.85 0.68 0.78 0.79 0.7 0.71 0.68 0.68 0.8 0.77
"23" "~/Google Drive/MultiOutlierVisualization/practiceData/KatieSims/2R_R30_1351142986_950_10_NumPops=30_NumInd=20Bayenv2LFMMpca.Cpval" "2R" 0.275510204081633 0.846938775510204 0.683673469387755 0.642857142857143 0.5 0.846938775510204 0.479591836734694 0.571428571428571 0.26530612244898 0.26530612244898 0.846938775510204 0.846938775510204 0.295918367346939 0.275510204081633
"24" "~/Google Drive/MultiOutlierVisualization/practiceData/KatieSims/2R_R30_1351142986_950_10_NumPops=30_NumInd=60Bayenv2LFMMpca.Cpval" "2R" 0.898989898989899 0.797979797979798 0.707070707070707 0.868686868686869 0.868686868686869 0.808080808080808 0.848484848484849 0.868686868686869 0.606060606060606 0.606060606060606 0.808080808080808 0.808080808080808 0.747474747474748 0.474747474747475
"25" "~/Google Drive/MultiOutlierVisualization/practiceData/KatieSims/2R_R60_1351142954_453_2_NumPops=60_NumInd=20Bayenv2LFMMpca.Cpval" "2R" 0.938144329896907 0.649484536082474 0 0.88659793814433 0.742268041237113 0.907216494845361 0.742268041237113 0.783505154639175 0.11340206185567 0.11340206185567 0.917525773195876 0.917525773195876 0.185567010309278 0.288659793814433
"26" "~/Google Drive/MultiOutlierVisualization/practiceData/KatieSims/2R_R60_1351142954_453_2_NumPops=60_NumInd=30Bayenv2LFMMpca.Cpval" "2R" 0.919191919191919 0.878787878787879 0 0.919191919191919 0.787878787878788 0.909090909090909 0.898989898989899 0.919191919191919 0.616161616161616 0.595959595959596 0.909090909090909 0.919191919191919 0.797979797979798 0.606060606060606
"27" "~/Google Drive/MultiOutlierVisualization/practiceData/KatieSims/2R_R60_1351142970_988_6_NumPops=60_NumInd=20Bayenv2LFMMpca.Cpval" "2R" 0.89 0.62 0.8 0.65 0.83 0.85 0.66 0.67 0.42 0.41 0.85 0.86 0.58 0.39
"28" "~/Google Drive/MultiOutlierVisualization/practiceData/KatieSims/2R_R60_1351142970_988_6_NumPops=60_NumInd=30Bayenv2LFMMpca.Cpval" "2R" 0.89 0.67 0.64 0.89 0.84 0.79 0.85 0.87 0.53 0.54 0.79 0.79 0.65 0.45
"29" "~/Google Drive/MultiOutlierVisualization/practiceData/KatieSims/2R_R60_1351142986_950_10_NumPops=60_NumInd=20Bayenv2LFMMpca.Cpval" "2R" 0.898989898989899 0.888888888888889 0.898989898989899 0.888888888888889 0.898989898989899 0.898989898989899 0.868686868686869 0.878787878787879 0.414141414141414 0.424242424242424 0.898989898989899 0.898989898989899 0.767676767676768 0.191919191919192
"30" "~/Google Drive/MultiOutlierVisualization/practiceData/KatieSims/2R_R60_1351142986_950_10_NumPops=60_NumInd=30Bayenv2LFMMpca.Cpval" "2R" 0.89 0.87 0.86 0.9 0.89 0.89 0.88 0.88 0.65 0.63 0.89 0.89 0.65 0.68
"31" "~/Google Drive/MultiOutlierVisualization/practiceData/KatieSims/2R_R90_1351142954_453_2_NumPops=90_NumInd=20Bayenv2LFMMpca.Cpval" "2R" 0.948979591836735 0.928571428571429 0.479591836734694 0.857142857142857 0.887755102040816 0.928571428571429 0.836734693877551 0.846938775510204 0.214285714285714 0.224489795918367 0.928571428571429 0.928571428571429 0.244897959183673 0.397959183673469
"32" "~/Google Drive/MultiOutlierVisualization/practiceData/KatieSims/2R_R90_1351142954_453_2_NumPops=90_NumInd=6Bayenv2LFMMpca.Cpval" "2R" 0.319587628865979 0.938144329896907 0.701030927835051 0.938144329896907 0.938144329896907 0.948453608247423 0.752577319587629 0.804123711340206 0.144329896907216 0.144329896907216 0.948453608247423 0.948453608247423 0.123711340206186 0.360824742268041
"33" "~/Google Drive/MultiOutlierVisualization/practiceData/KatieSims/2R_R90_1351142970_988_6_NumPops=90_NumInd=20Bayenv2LFMMpca.Cpval" "2R" 0.88 0.82 0.12 0.34 0.84 0.81 0.64 0.66 0.12 0.12 0.81 0.81 0.12 0.42
"34" "~/Google Drive/MultiOutlierVisualization/practiceData/KatieSims/2R_R90_1351142970_988_6_NumPops=90_NumInd=6Bayenv2LFMMpca.Cpval" "2R" 0.33 0.88 0.6 0.73 0.51 0.9 0.48 0.49 0.17 0.17 0.9 0.9 0.2 0.2
"35" "~/Google Drive/MultiOutlierVisualization/practiceData/KatieSims/2R_R90_1351142986_950_10_NumPops=90_NumInd=20Bayenv2LFMMpca.Cpval" "2R" 0.89 0.86 0.83 0.81 0.89 0.87 0.79 0.8 0.75 0.65 0.87 0.87 0.83 0.6
"36" "~/Google Drive/MultiOutlierVisualization/practiceData/KatieSims/2R_R90_1351142986_950_10_NumPops=90_NumInd=6Bayenv2LFMMpca.Cpval" "2R" 0.13265306122449 0.908163265306122 0.816326530612245 0.857142857142857 0 0.918367346938776 0.602040816326531 0.63265306122449 0.244897959183673 0.244897959183673 0.918367346938776 0.918367346938776 0.642857142857143 0.418367346938776
"37" "~/Google Drive/MultiOutlierVisualization/practiceData/KatieSims/IBD_R30_1351142954_453_3_NumPops=30_NumInd=20Bayenv2LFMMpca.Cpval" "IBD" 1 0.87 0.11 0.32 1 0.98 0.83 0.84 0.34 0.34 0.98 0.98 0.3 0.48
"38" "~/Google Drive/MultiOutlierVisualization/practiceData/KatieSims/IBD_R30_1351142954_453_3_NumPops=30_NumInd=60Bayenv2LFMMpca.Cpval" "IBD" 0.97 0.46 0.01 0.99 0.93 0.61 0.64 0.66 0.01 0.01 0.61 0.61 0.01 0.01
"39" "~/Google Drive/MultiOutlierVisualization/practiceData/KatieSims/IBD_R30_1351142970_988_7_NumPops=30_NumInd=20Bayenv2LFMMpca.Cpval" "IBD" 1 0.34 0.07 0.06 1 0.91 0.64 0.64 0.01 0.01 0.91 0.91 0.01 0.02
"40" "~/Google Drive/MultiOutlierVisualization/practiceData/KatieSims/IBD_R30_1351142970_988_7_NumPops=30_NumInd=60Bayenv2LFMMpca.Cpval" "IBD" 1 0.1 0.09 0.98 0.97 0.32 0.85 0.87 0.11 0.11 0.27 0.29 0.11 0.2
"41" "~/Google Drive/MultiOutlierVisualization/practiceData/KatieSims/IBD_R30_1351142986_950_11_NumPops=30_NumInd=20Bayenv2LFMMpca.Cpval" "IBD" 0.99 0.27 0.06 0.25 0.99 0.91 0.59 0.59 0.02 0.02 0.91 0.91 0.02 0.01
"42" "~/Google Drive/MultiOutlierVisualization/practiceData/KatieSims/IBD_R30_1351142986_950_11_NumPops=30_NumInd=60Bayenv2LFMMpca.Cpval" "IBD" 0.97 0.2 0.02 0.98 0.89 0.45 0.95 0.95 0.12 0.12 0.43 0.45 0.14 0.08
"43" "~/Google Drive/MultiOutlierVisualization/practiceData/KatieSims/IBD_R60_1351142954_453_3_NumPops=60_NumInd=20Bayenv2LFMMpca.Cpval" "IBD" 0.99 0.68 0 0.08 0.99 0.88 0.69 0.76 0.04 0.04 0.88 0.88 0.04 0.12
"44" "~/Google Drive/MultiOutlierVisualization/practiceData/KatieSims/IBD_R60_1351142954_453_3_NumPops=60_NumInd=30Bayenv2LFMMpca.Cpval" "IBD" 0.99 0.39 0 0.96 0.99 0.64 0.81 0.82 0.42 0.43 0.64 0.64 0.43 0.33
"45" "~/Google Drive/MultiOutlierVisualization/practiceData/KatieSims/IBD_R60_1351142970_988_7_NumPops=60_NumInd=20Bayenv2LFMMpca.Cpval" "IBD" 1 0.23 0.07 0.08 1 0.64 0.9 0.92 0.23 0.23 0.63 0.63 0.23 0.28
"46" "~/Google Drive/MultiOutlierVisualization/practiceData/KatieSims/IBD_R60_1351142970_988_7_NumPops=60_NumInd=30Bayenv2LFMMpca.Cpval" "IBD" 1 0.08 0.07 0.75 1 0.39 0.81 0.81 0.1 0.1 0.27 0.28 0.1 0.12
"47" "~/Google Drive/MultiOutlierVisualization/practiceData/KatieSims/IBD_R60_1351142986_950_11_NumPops=60_NumInd=20Bayenv2LFMMpca.Cpval" "IBD" 0.99 0.41 0.56 0.68 0.99 0.78 0.83 0.83 0.24 0.22 0.77 0.78 0.26 0.08
"48" "~/Google Drive/MultiOutlierVisualization/practiceData/KatieSims/IBD_R60_1351142986_950_11_NumPops=60_NumInd=30Bayenv2LFMMpca.Cpval" "IBD" 0.99 0.27 0.28 0.88 0.99 0.48 0.95 0.96 0.12 0.12 0.49 0.49 0.13 0.23
"49" "~/Google Drive/MultiOutlierVisualization/practiceData/KatieSims/IBD_R90_1351142954_453_3_NumPops=90_NumInd=20Bayenv2LFMMpca.Cpval" "IBD" 0.98 0.7 0 0.95 0.98 0.8 0.86 0.88 0.25 0.24 0.77 0.8 0.39 0.24
"50" "~/Google Drive/MultiOutlierVisualization/practiceData/KatieSims/IBD_R90_1351142954_453_3_NumPops=90_NumInd=6Bayenv2LFMMpca.Cpval" "IBD" 1 0.97 0 1 0.98 0.99 0.81 0.81 0.01 0.01 0.99 0.99 0.01 0.03
"51" "~/Google Drive/MultiOutlierVisualization/practiceData/KatieSims/IBD_R90_1351142970_988_7_NumPops=90_NumInd=20Bayenv2LFMMpca.Cpval" "IBD" 1 0.09 0.07 0.95 1 0.24 0.89 0.89 0.28 0.28 0.24 0.24 0.31 0.27
"52" "~/Google Drive/MultiOutlierVisualization/practiceData/KatieSims/IBD_R90_1351142970_988_7_NumPops=90_NumInd=6Bayenv2LFMMpca.Cpval" "IBD" 1 0.07 0.07 0.09 1 0.98 0.79 0.79 0.01 0.01 0.98 0.98 0.01 0.01
"53" "~/Google Drive/MultiOutlierVisualization/practiceData/KatieSims/IBD_R90_1351142986_950_11_NumPops=90_NumInd=20Bayenv2LFMMpca.Cpval" "IBD" 0.99 0.44 0.12 0.09 0.98 0.62 0.84 0.86 0.2 0.2 0.62 0.64 0.24 0.02
"54" "~/Google Drive/MultiOutlierVisualization/practiceData/KatieSims/IBD_R90_1351142986_950_11_NumPops=90_NumInd=6Bayenv2LFMMpca.Cpval" "IBD" 0.99 0.73 0.56 0.13 0.99 0.98 0.89 0.9 0.14 0.14 0.98 0.98 0.18 0.41
"55" "~/Google Drive/MultiOutlierVisualization/practiceData/KatieSims/IM_R30_1351142954_453_4_NumPops=30_NumInd=20Bayenv2LFMMpca.Cpval" "IM" 0.11 0.14 0.11 0.33 0.11 0.14 0.19 0.19 0.02 0.02 0.14 0.14 0.03 0.14
"56" "~/Google Drive/MultiOutlierVisualization/practiceData/KatieSims/IM_R30_1351142954_453_4_NumPops=30_NumInd=60Bayenv2LFMMpca.Cpval" "IM" 0.12 0.45 0.18 0.45 0.13 0.44 0.36 0.38 0.1 0.1 0.44 0.44 0.19 0.13
"57" "~/Google Drive/MultiOutlierVisualization/practiceData/KatieSims/IM_R30_1351142970_988_8_NumPops=30_NumInd=20Bayenv2LFMMpca.Cpval" "IM" 0.1 0.13 0.11 0.22 0.11 0.11 0.2 0.2 0.06 0.06 0.11 0.11 0.07 0.09
"58" "~/Google Drive/MultiOutlierVisualization/practiceData/KatieSims/IM_R30_1351142970_988_8_NumPops=30_NumInd=60Bayenv2LFMMpca.Cpval" "IM" 0.11 0.39 0.24 0.32 0.11 0.39 0.14 0.2 0.16 0.16 0.39 0.39 0.15 0.1
"59" "~/Google Drive/MultiOutlierVisualization/practiceData/KatieSims/IM_R30_1351142986_950_12_NumPops=30_NumInd=20Bayenv2LFMMpca.Cpval" "IM" 0.06 0.11 0.12 0.2 0.11 0.11 0.13 0.13 0.07 0.07 0.11 0.11 0.12 0.05
"60" "~/Google Drive/MultiOutlierVisualization/practiceData/KatieSims/IM_R30_1351142986_950_12_NumPops=30_NumInd=60Bayenv2LFMMpca.Cpval" "IM" 0.11 0.22 0.33 0.26 0.16 0.22 0.16 0.19 0.1 0.1 0.22 0.22 0.1 0.11
"61" "~/Google Drive/MultiOutlierVisualization/practiceData/KatieSims/IM_R60_1351142954_453_4_NumPops=60_NumInd=20Bayenv2LFMMpca.Cpval" "IM" 0.11 0.36 0.11 0.57 0.11 0.35 0.33 0.35 0.07 0.07 0.35 0.35 0.07 0.06
"62" "~/Google Drive/MultiOutlierVisualization/practiceData/KatieSims/IM_R60_1351142954_453_4_NumPops=60_NumInd=30Bayenv2LFMMpca.Cpval" "IM" 0.11 0.61 0.13 0.63 0.11 0.61 0.47 0.47 0.03 0.03 0.61 0.61 0.04 0.04
"63" "~/Google Drive/MultiOutlierVisualization/practiceData/KatieSims/IM_R60_1351142970_988_8_NumPops=60_NumInd=20Bayenv2LFMMpca.Cpval" "IM" 0.11 0.47 0.14 0.45 0.11 0.44 0.36 0.37 0.07 0.07 0.44 0.44 0.12 0.11
"64" "~/Google Drive/MultiOutlierVisualization/practiceData/KatieSims/IM_R60_1351142970_988_8_NumPops=60_NumInd=30Bayenv2LFMMpca.Cpval" "IM" 0.13 0.48 0.37 0.63 0.11 0.48 0.4 0.41 0.12 0.12 0.48 0.48 0.12 0.04
"65" "~/Google Drive/MultiOutlierVisualization/practiceData/KatieSims/IM_R60_1351142986_950_12_NumPops=60_NumInd=20Bayenv2LFMMpca.Cpval" "IM" 0.11 0.42 0.42 0.59 0.11 0.43 0.38 0.38 0.04 0.04 0.43 0.43 0.05 0.07
"66" "~/Google Drive/MultiOutlierVisualization/practiceData/KatieSims/IM_R60_1351142986_950_12_NumPops=60_NumInd=30Bayenv2LFMMpca.Cpval" "IM" 0.11 0.66 0.57 0.61 0.51 0.66 0.52 0.54 0.06 0.06 0.66 0.66 0.06 0.07
"67" "~/Google Drive/MultiOutlierVisualization/practiceData/KatieSims/IM_R90_1351142954_453_4_NumPops=90_NumInd=20Bayenv2LFMMpca.Cpval" "IM" 0.11 0.54 0.14 0.63 0.11 0.48 0.61 0.62 0.08 0.08 0.48 0.48 0.12 0.1
"68" "~/Google Drive/MultiOutlierVisualization/practiceData/KatieSims/IM_R90_1351142954_453_4_NumPops=90_NumInd=6Bayenv2LFMMpca.Cpval" "IM" 0.11 0.19 0.11 0.43 0.11 0.19 0.29 0.28 0.04 0.04 0.19 0.19 0.11 0.15
"69" "~/Google Drive/MultiOutlierVisualization/practiceData/KatieSims/IM_R90_1351142970_988_8_NumPops=90_NumInd=20Bayenv2LFMMpca.Cpval" "IM" 0.11 0.31 0.55 0.67 0.43 0.32 0.6 0.6 0.04 0.04 0.32 0.32 0.04 0.13
"70" "~/Google Drive/MultiOutlierVisualization/practiceData/KatieSims/IM_R90_1351142970_988_8_NumPops=90_NumInd=6Bayenv2LFMMpca.Cpval" "IM" 0.1 0.35 0.11 0.47 0.11 0.34 0.41 0.41 0.08 0.08 0.35 0.34 0.13 0.09
"71" "~/Google Drive/MultiOutlierVisualization/practiceData/KatieSims/IM_R90_1351142986_950_12_NumPops=90_NumInd=20Bayenv2LFMMpca.Cpval" "IM" 0.11 0.55 0.4 0.6 0.54 0.53 0.59 0.59 0.12 0.12 0.54 0.53 0.12 0.12
"72" "~/Google Drive/MultiOutlierVisualization/practiceData/KatieSims/IM_R90_1351142986_950_12_NumPops=90_NumInd=6Bayenv2LFMMpca.Cpval" "IM" 0.05 0.19 0.11 0.26 0.11 0.2 0.23 0.23 0.03 0.03 0.2 0.2 0.07 0.05
